TOPOINT==>1
[-1.0 0.0 0.0 1060.0;0.0 1.0 0.0 0.0;0.0 0.0 -1.0 600.0;0.0 0.0 0.0 1.0]
LINE==>2
[-0.703 0.0 0.711 1070.0;0.0 1.0 0.0 0.0;-0.711 0.0 -0.7 530.0;0.0 0.0 0.0 1.0]
LINE==>3
[-0.703 0.0 0.711 1070.0;0.0 1.0 0.0 400.0;-0.711 0.0 -0.7 530.0;0.0 0.0 0.0 1.0]
TOPOINT==>4
[-1.0 0.0 0.0 1070.0;0.0 1.0 0.0 400.0;0.0 0.0 -1.0 725.0;0.0 0.0 0.0 1.0]
TOPOINT==>5
[-1.0 0.0 0.0 1100.0;0.0 1.0 0.0 430.0;0.0 0.0 -1.0 725.0;0.0 0.0 0.0 1.0]
LINE==>6
[-0.703 0.0 -0.711 1100.0;0.0 1.0 0.0 400.0;0.711 0.0 -0.7 530.0;0.0 0.0 0.0 1.0]
LINE==>7
[-0.703 0.0 -0.711 1100.0;0.0 1.0 0.0 0.0;0.711 0.0 -0.7 530.0;0.0 0.0 0.0 1.0]
TOPOINT==>8
[-1.0 0.0 0.0 1110.0;0.0 1.0 0.0 0.0;0.0 0.0 -1.0 725.0;0.0 0.0 0.0 1.0]
TOPOINT==>9
[-1.0 0.0 0.0 1179.96;0.0 1.0 0.0 0.0;0.0 0.0 -1.0 500.0;0.0 0.0 0.0 1.0]
LINE==>10
[-1.0 0.0 0.0 1179.96;0.0 1.0 0.0 400.0;0.0 0.0 -1.0 500.0;0.0 0.0 0.0 1.0]
TOPOINT==>11
[-1.0 0.0 0.0 1179.96;0.0 1.0 0.0 400.0;0.0 0.0 -1.0 725.0;0.0 0.0 0.0 1.0]
TOPOINT==>12
[-1.0 0.0 0.0 1260.0;0.0 1.0 0.0 0.0;0.0 0.0 -1.0 725.0;0.0 0.0 0.0 1.0]
LINE==>13
[-0.703 0.0 0.711 1270.0;0.0 1.0 0.0 0.0;-0.711 0.0 -0.7 530.0;0.0 0.0 0.0 1.0]
LINE==>14
[-0.703 0.0 0.711 1270.0;0.0 1.0 0.0 400.0;-0.711 0.0 -0.7 530.0;0.0 0.0 0.0 1.0]
TOPOINT==>15
[-1.0 0.0 0.0 1260.0;0.0 1.0 0.0 400.0;0.0 0.0 -1.0 725.0;0.0 0.0 0.0 1.0]
TOPOINT==>16
[-1.0 0.0 0.0 1310.0;0.0 1.0 0.0 0.0;0.0 0.0 -1.0 725.0;0.0 0.0 0.0 1.0]
TOPOINT==>17
[-0.963 0.0 -0.271 1340.0;0.0 1.0 0.0 0.0;0.271 0.0 -0.96 725.0;0.0 0.0 0.0 1.0]
LINE==>18
[-0.801 0.0 0.598 1380.0;0.0 1.0 0.0 0.0;-0.598 0.0 -0.8 530.0;0.0 0.0 0.0 1.0]
LINE==>19
[-0.801 0.0 0.598 1380.0;0.0 1.0 0.0 350.0;-0.598 0.0 -0.8 530.0;0.0 0.0 0.0 1.0]
LINE==>20
[-0.801 0.0 0.598 1380.0;0.0 1.0 0.0 350.0;-0.598 0.0 -0.8 700.0;0.0 0.0 0.0 1.0]
TOPOINT==>21
[-0.963 0.0 -0.271 1200.0;0.0 1.0 0.0 200.0;0.271 0.0 -0.96 725.0;0.0 0.0 0.0 1.0]
