TOPOINT==>1==>0.083 0.015 1.279 -1.119 0.138 -0.768 1.345 -2.526 ==>-1.000 -0.000 -0.000 0.000 -0.000 1.000 0.000 0.000 0.000 0.000 -1.000 0.000 1060.000 -0.000 600.000 1.000 
LINE==>2==>0.080 0.013 1.204 -1.147 0.557 -1.456 1.009 -1.300 ==>-0.702 -0.000 -0.712 0.000 0.000 1.000 -0.000 0.000 0.712 -0.000 -0.702 0.000 1070.000 0.000 530.000 1.000 
LINE==>3==>0.079 0.013 1.656 -1.188 0.650 -1.903 0.775 -1.201 ==>-0.702 0.000 -0.712 0.000 -0.000 1.000 0.000 0.000 0.712 0.000 -0.702 0.000 1070.000 400.000 530.000 1.000 
TOPOINT==>4==>0.087 0.016 1.646 -1.247 0.108 -0.849 1.220 -2.874 ==>-1.000 0.000 -0.000 0.000 0.000 1.000 0.000 0.000 0.000 0.000 -1.000 0.000 1070.000 400.000 725.000 1.000 
TOPOINT==>5==>0.087 0.016 1.671 -1.203 0.047 -0.850 1.214 -2.904 ==>-1.000 -0.000 0.000 0.000 -0.000 1.000 0.000 0.000 -0.000 0.000 -1.000 0.000 1100.000 430.000 725.000 1.000 
LINE==>6==>0.088 0.018 1.632 -0.727 -0.257 -0.834 1.678 -3.323 ==>-0.702 0.000 0.712 0.000 -0.000 1.000 -0.000 0.000 -0.712 -0.000 -0.702 0.000 1100.000 400.000 530.000 1.000 
LINE==>7==>0.088 0.018 1.335 -0.692 -0.332 -0.640 1.876 -3.161 ==>-0.702 0.000 0.712 0.000 -0.000 1.000 -0.000 0.000 -0.712 -0.000 -0.702 0.000 1100.000 -0.000 530.000 1.000 
TOPOINT==>8==>0.087 0.016 1.292 -1.150 -0.032 -0.751 1.483 -2.675 ==>-1.000 0.000 -0.000 0.000 0.000 1.000 -0.000 0.000 0.000 -0.000 -1.000 0.000 1110.000 -0.000 725.000 1.000 
TOPOINT==>9==>0.087 0.016 1.307 -0.893 -0.054 -0.786 1.304 -2.519 ==>-1.000 -0.000 -0.000 0.000 -0.000 1.000 -0.000 0.000 0.000 -0.000 -1.000 0.000 1179.960 -0.000 500.000 1.000 
LINE==>10==>0.087 0.016 1.637 -0.929 0.016 -0.926 1.082 -2.678 ==>-1.000 0.000 0.000 0.000 0.000 1.000 -0.000 0.000 -0.000 -0.000 -1.000 0.000 1179.960 400.000 500.000 1.000 
TOPOINT==>11==>0.088 0.016 1.639 -1.101 -0.102 -0.832 1.267 -2.920 ==>-1.000 0.000 -0.000 0.000 0.000 1.000 -0.000 0.000 0.000 -0.000 -1.000 0.000 1179.960 400.000 725.000 1.000 
TOPOINT==>12==>0.088 0.017 1.323 -0.948 -0.343 -0.756 1.542 -2.772 ==>-1.000 -0.000 0.000 0.000 -0.000 1.000 -0.000 0.000 -0.000 -0.000 -1.000 0.000 1260.000 -0.000 725.000 1.000 
LINE==>13==>0.084 0.014 1.270 -0.960 0.214 -1.405 0.990 -1.490 ==>-0.702 -0.000 -0.712 0.000 0.000 1.000 -0.000 0.000 0.712 -0.000 -0.702 0.000 1270.000 0.000 530.000 1.000 
LINE==>14==>0.084 0.014 1.638 -0.995 0.295 -1.720 0.746 -1.433 ==>-0.702 0.000 -0.712 0.000 -0.000 1.000 0.000 0.000 0.712 0.000 -0.702 0.000 1270.000 400.000 530.000 1.000 
TOPOINT==>15==>0.090 0.018 1.635 -0.991 -0.273 -0.819 1.311 -2.964 ==>-1.000 -0.000 0.000 0.000 -0.000 1.000 -0.000 0.000 -0.000 -0.000 -1.000 0.000 1260.000 400.000 725.000 1.000 
TOPOINT==>16==>0.090 0.019 1.333 -0.875 -0.464 -0.758 1.571 -2.811 ==>-1.000 -0.000 0.000 0.000 -0.000 1.000 -0.000 0.000 -0.000 -0.000 -1.000 0.000 1310.000 -0.000 725.000 1.000 
TOPOINT==>17==>0.090 0.020 1.351 -0.686 -0.776 -0.737 1.840 -3.099 ==>-0.962 -0.000 0.271 0.000 0.000 1.000 0.000 0.000 -0.271 0.000 -0.962 0.000 1340.000 0.000 725.000 1.000 
LINE==>18==>0.087 0.015 1.306 -0.840 -0.080 -1.192 1.023 -1.871 ==>-0.801 -0.000 -0.598 0.000 0.000 1.000 -0.000 0.000 0.598 -0.000 -0.801 0.000 1380.000 0.000 530.000 1.000 
LINE==>19==>0.087 0.014 1.589 -0.878 -0.001 -1.349 0.799 -1.905 ==>-0.801 0.000 -0.598 0.000 -0.000 1.000 0.000 0.000 0.598 0.000 -0.801 0.000 1380.000 350.000 530.000 1.000 
LINE==>20==>0.088 0.015 1.591 -1.020 -0.075 -1.161 0.865 -2.183 ==>-0.801 0.000 -0.598 0.000 -0.000 1.000 0.000 0.000 0.598 0.000 -0.801 0.000 1380.000 350.000 700.000 1.000 
TOPOINT==>21==>0.092 0.018 1.479 -0.958 -0.309 -0.758 1.612 -3.059 ==>-0.962 -0.000 0.271 0.000 -0.000 1.000 -0.000 0.000 -0.271 -0.000 -0.962 0.000 1200.000 200.000 725.000 1.000 
